,2010,2011,2012,2013,2014,2015,2016,2017,2018,2019,2020,2021,2022
ExpectedYearsOfSchooling_female,9.344,10.105,8.367,9.85,10.664,9.628,10.57,8.525,9.172,10.942,11.432,9.127,11.573
GrossPrimaryEnrollmentRate_female,1.149,1.076,0.906,0.889,1.132,1.084,1.11,0.855,0.85,1.107,1.216,1.066,1.29
NetPrimaryEnrollmentRate_female,0.771,0.783,0.661,0.648,0.817,0.772,0.804,0.634,0.675,0.752,0.793,0.713,0.777
GrossSecondaryEnrollmentRate_female,0.316,0.483,0.448,0.574,0.61,0.419,0.531,0.499,0.633,0.583,0.617,0.512,0.542
NetSecondaryEnrollmentRate_female,0.193,0.295,0.268,0.37,0.455,0.263,0.355,0.299,0.413,0.348,0.383,0.341,0.329
YouthLiteracyRate_female,0.611,0.586,0.418,0.555,0.74,0.608,0.634,0.594,0.449,0.496,0.688,0.478,0.806
YouthPrimaryGraduationRate_female,0.356,0.38,0.375,0.447,0.532,0.406,0.442,0.349,0.518,0.424,0.477,0.469,0.484
YouthSecondaryGraduationRate_female,0.077,0.071,0.041,0.186,0.354,0.129,0.198,0.037,0.245,0.115,0.114,0.081,0.388
MeanYearsOfSchooling_female,4.37,4.664,3.072,4.483,7.027,5.05,6.956,2.316,5.234,3.825,5.124,3.8,7.7
AduldLiteracyRate_female,0.47,0.439,0.251,0.354,0.583,0.482,0.497,0.387,0.301,0.291,0.513,0.312,0.672
AduldPrimaryGraduationRate_female,0.347,0.37,0.29,0.397,0.589,0.424,0.552,0.164,0.465,0.328,0.458,0.341,0.677
AduldSecondaryGraduationRate_female,0.061,0.069,0.038,0.149,0.261,0.102,0.178,0.035,0.176,0.112,0.12,0.072,0.273
